#    Tpb[ms]      Tbh[ms]      Dh+[cm]
 -9.63926E+00 -2.76063E+02  1.29905E+00
 -8.63759E+00 -2.75061E+02  1.34589E+00
 -7.63592E+00 -2.74059E+02  1.66884E+00
 -6.63425E+00 -2.73058E+02  2.09928E+00
 -5.63258E+00 -2.72056E+02  2.38462E+00
 -5.43256E+00 -2.71856E+02  2.32945E+00
 -5.23253E+00 -2.71656E+02  3.48933E+00
 -5.03250E+00 -2.71456E+02  3.60044E+00
 -4.83247E+00 -2.71256E+02  2.77846E+00
 -4.63244E+00 -2.71056E+02  3.16294E+00
 -4.43241E+00 -2.70856E+02  3.02263E+00
 -4.23238E+00 -2.70656E+02  3.21581E+00
 -4.03236E+00 -2.70456E+02  3.56275E+00
 -3.83233E+00 -2.70256E+02  3.72079E+00
 -3.63230E+00 -2.70056E+02  4.09307E+00
 -3.43227E+00 -2.69856E+02  3.98150E+00
 -3.23224E+00 -2.69656E+02  4.11258E+00
 -3.03221E+00 -2.69456E+02  6.23836E+00
 -2.83218E+00 -2.69255E+02  4.65464E+00
 -2.63216E+00 -2.69055E+02  5.61023E+00
 -2.43213E+00 -2.68855E+02  5.87179E+00
 -2.23210E+00 -2.68655E+02  6.31318E+00
 -2.03207E+00 -2.68455E+02  7.05872E+00
 -1.83204E+00 -2.68255E+02  7.67720E+00
 -1.63201E+00 -2.68055E+02  8.89961E+00
 -1.43198E+00 -2.67855E+02  9.17997E+00
 -1.23196E+00 -2.67655E+02  9.76597E+00
 -1.03193E+00 -2.67455E+02  1.35234E+01
 -8.31899E-01 -2.67255E+02  1.55646E+01
 -4.31842E-01 -2.66855E+02  2.10697E+01
 -3.18400E-02 -2.66455E+02  2.46135E+01
  3.68182E-01 -2.66055E+02 -7.51663E+00
  7.68239E-01 -2.65655E+02 -3.71094E+01
  1.16830E+00 -2.65255E+02 -3.59019E+01
  1.56835E+00 -2.64855E+02  1.15725E+01
  1.96841E+00 -2.64455E+02  2.54347E+01
  2.36847E+00 -2.64055E+02  5.49167E+00
  2.76852E+00 -2.63655E+02 -1.22727E+01
  3.16858E+00 -2.63255E+02 -1.03203E+01
  3.56864E+00 -2.62855E+02 -1.87853E-01
  3.96870E+00 -2.62455E+02  1.58131E+01
  4.36875E+00 -2.62055E+02  1.94346E+00
  4.76881E+00 -2.61654E+02 -5.29500E+00
  5.16887E+00 -2.61254E+02 -7.00743E+00
  5.56892E+00 -2.60854E+02 -3.10956E+00
  5.96898E+00 -2.60454E+02  2.84848E+00
  6.36904E+00 -2.60054E+02 -3.58080E+00
  6.76909E+00 -2.59654E+02 -1.79595E+00
  7.16915E+00 -2.59254E+02 -5.15392E+00
  7.56921E+00 -2.58854E+02 -1.11654E+01
  7.96927E+00 -2.58454E+02 -2.79412E+01
  8.36932E+00 -2.58054E+02 -3.86768E+01
  8.76938E+00 -2.57654E+02 -4.38466E+01
  9.16944E+00 -2.57254E+02 -2.91448E+01
  9.56950E+00 -2.56854E+02  3.65047E+01
  9.96955E+00 -2.56454E+02  6.59078E+01
  1.03696E+01 -2.56054E+02  5.93864E+01
  1.07697E+01 -2.55654E+02  6.19566E+01
  1.11697E+01 -2.55254E+02  6.98999E+01
  1.15698E+01 -2.54854E+02  5.55872E+01
  1.19698E+01 -2.54453E+02  5.81001E+01
  1.23699E+01 -2.54053E+02  3.36823E+01
  1.27700E+01 -2.53653E+02 -4.02902E+00
  1.31700E+01 -2.53253E+02 -3.09443E+01
  1.35701E+01 -2.52853E+02 -2.80684E+01
  1.39701E+01 -2.52453E+02 -1.95868E+01
  1.43702E+01 -2.52053E+02 -2.39506E+01
  1.47702E+01 -2.51653E+02 -4.93747E+01
  1.51703E+01 -2.51253E+02 -7.22661E+01
  1.55703E+01 -2.50853E+02 -7.50183E+01
  1.59704E+01 -2.50453E+02 -6.18655E+01
  1.63705E+01 -2.50053E+02 -6.67396E+01
  1.67705E+01 -2.49653E+02 -7.23353E+01
  1.71706E+01 -2.49253E+02 -6.99419E+01
  1.75706E+01 -2.48853E+02 -4.65060E+01
  1.79707E+01 -2.48453E+02 -3.40792E+01
  1.83707E+01 -2.48053E+02 -3.26475E+01
  1.87708E+01 -2.47652E+02 -3.92441E+01
  1.91709E+01 -2.47252E+02 -2.91815E+01
  1.95709E+01 -2.46852E+02 -1.50105E+01
  1.99710E+01 -2.46452E+02  2.89070E+00
  2.03710E+01 -2.46052E+02  2.22389E+01
  2.07711E+01 -2.45652E+02  4.04564E+01
  2.11711E+01 -2.45252E+02  5.80524E+01
  2.15712E+01 -2.44852E+02  7.49732E+01
  2.19713E+01 -2.44452E+02  8.68171E+01
  2.23713E+01 -2.44052E+02  1.00704E+02
  2.27714E+01 -2.43652E+02  1.01772E+02
  2.31714E+01 -2.43252E+02  9.76981E+01
  2.35715E+01 -2.42852E+02  9.02383E+01
  2.39715E+01 -2.42452E+02  8.03509E+01
  2.43716E+01 -2.42052E+02  6.53645E+01
  2.47717E+01 -2.41652E+02  4.85600E+01
  2.51717E+01 -2.41252E+02  3.06000E+01
  2.55718E+01 -2.40852E+02  1.25486E+01
  2.59718E+01 -2.40451E+02 -8.39299E+00
  2.63719E+01 -2.40051E+02 -2.63266E+01
  2.67719E+01 -2.39651E+02 -3.48439E+01
  2.71720E+01 -2.39251E+02 -4.86871E+01
  2.75721E+01 -2.38851E+02 -7.02174E+01
  2.79721E+01 -2.38451E+02 -8.49636E+01
  2.83722E+01 -2.38051E+02 -1.04531E+02
  2.87722E+01 -2.37651E+02 -1.11457E+02
  2.91723E+01 -2.37251E+02 -1.13814E+02
  2.95723E+01 -2.36851E+02 -1.07393E+02
  2.99724E+01 -2.36451E+02 -9.78360E+01
  3.03725E+01 -2.36051E+02 -8.27865E+01
  3.07725E+01 -2.35651E+02 -6.90565E+01
  3.11726E+01 -2.35251E+02 -5.28440E+01
  3.15726E+01 -2.34851E+02 -4.22168E+01
  3.19727E+01 -2.34451E+02 -2.69925E+01
  3.23727E+01 -2.34051E+02 -5.92600E+00
  3.27728E+01 -2.33650E+02  2.04477E+01
  3.31729E+01 -2.33250E+02  4.22330E+01
  3.35729E+01 -2.32850E+02  5.30844E+01
  3.39730E+01 -2.32450E+02  5.21777E+01
  3.43730E+01 -2.32050E+02  5.39188E+01
  3.47731E+01 -2.31650E+02  6.03079E+01
  3.51731E+01 -2.31250E+02  7.07435E+01
  3.55732E+01 -2.30850E+02  8.51663E+01
  3.59733E+01 -2.30450E+02  9.33019E+01
  3.63733E+01 -2.30050E+02  1.05524E+02
  3.67734E+01 -2.29650E+02  6.95673E+01
  3.71734E+01 -2.29250E+02  5.50728E+01
  3.75735E+01 -2.28850E+02  4.12207E+01
  3.79735E+01 -2.28450E+02  3.60058E+01
  3.83736E+01 -2.28050E+02  2.56050E+01
  3.87737E+01 -2.27650E+02  1.10257E+01
  3.91737E+01 -2.27250E+02  2.84341E-01
  3.95738E+01 -2.26850E+02 -4.94981E+00
  3.99738E+01 -2.26449E+02 -5.63103E-01
  4.03739E+01 -2.26049E+02  8.21974E-01
  4.07739E+01 -2.25649E+02 -2.49344E+00
  4.11740E+01 -2.25249E+02 -9.45605E-01
  4.15741E+01 -2.24849E+02 -4.50071E+00
  4.19741E+01 -2.24449E+02 -8.47128E+00
  4.23742E+01 -2.24049E+02 -1.68773E+01
  4.27742E+01 -2.23649E+02 -2.56614E+01
  4.31743E+01 -2.23249E+02 -2.47666E+01
  4.35743E+01 -2.22849E+02 -2.90241E+01
  4.39744E+01 -2.22449E+02 -3.02262E+01
  4.43745E+01 -2.22049E+02 -2.56122E+01
  4.47745E+01 -2.21649E+02 -2.39352E+01
  4.51746E+01 -2.21249E+02 -3.08109E+01
  4.55746E+01 -2.20849E+02 -2.96130E+01
  4.59747E+01 -2.20449E+02 -3.95276E+01
  4.63747E+01 -2.20049E+02 -4.17587E+01
  4.67748E+01 -2.19648E+02 -4.18409E+01
  4.71749E+01 -2.19248E+02 -3.35105E+01
  4.75749E+01 -2.18848E+02 -2.79883E+01
  4.79750E+01 -2.18448E+02 -2.20633E+01
  4.83750E+01 -2.18048E+02 -1.74487E+01
  4.87751E+01 -2.17648E+02 -9.51910E+00
  4.91751E+01 -2.17248E+02 -1.47235E-01
  4.95752E+01 -2.16848E+02  8.63279E+00
  4.99753E+01 -2.16448E+02  1.76768E+01
  5.03753E+01 -2.16048E+02  1.78180E+01
  5.07754E+01 -2.15648E+02  2.41727E+01
  5.11754E+01 -2.15248E+02  2.41528E+01
  5.15755E+01 -2.14848E+02  2.25293E+01
  5.19755E+01 -2.14448E+02  2.27292E+01
  5.23756E+01 -2.14048E+02  2.12166E+01
  5.27757E+01 -2.13648E+02  1.97507E+01
  5.31757E+01 -2.13248E+02  1.39767E+01
  5.35758E+01 -2.12848E+02  1.22745E+01
  5.39758E+01 -2.12447E+02  1.07201E+01
  5.43759E+01 -2.12047E+02  4.82314E+00
  5.47759E+01 -2.11647E+02  4.34306E+00
  5.51760E+01 -2.11247E+02  7.79191E+00
  5.55761E+01 -2.10847E+02  2.79239E+01
  5.59761E+01 -2.10447E+02  2.21313E+01
  5.63762E+01 -2.10047E+02  1.69161E+01
  5.67762E+01 -2.09647E+02  1.98560E+01
  5.71763E+01 -2.09247E+02  2.30108E+01
  5.75763E+01 -2.08847E+02  1.65473E+01
  5.79764E+01 -2.08447E+02  2.04287E+01
  5.83765E+01 -2.08047E+02  2.51558E+01
  5.87765E+01 -2.07647E+02  2.18422E+01
  5.91766E+01 -2.07247E+02  2.22112E+01
  5.95766E+01 -2.06847E+02  1.84668E+01
  5.99767E+01 -2.06447E+02  1.55032E+01
  6.03767E+01 -2.06047E+02  1.11737E+01
  6.07768E+01 -2.05646E+02  6.68565E+00
  6.11769E+01 -2.05246E+02 -1.25814E+00
  6.15769E+01 -2.04846E+02 -7.24895E+00
  6.19770E+01 -2.04446E+02 -1.45021E+01
  6.23770E+01 -2.04046E+02 -2.10244E+01
  6.27771E+01 -2.03646E+02 -2.20706E+01
  6.31771E+01 -2.03246E+02 -2.24680E+01
  6.35772E+01 -2.02846E+02 -2.55024E+01
  6.39773E+01 -2.02446E+02 -2.42692E+01
  6.43773E+01 -2.02046E+02 -3.13366E+01
  6.47774E+01 -2.01646E+02 -2.83139E+01
  6.51774E+01 -2.01246E+02 -3.15192E+01
  6.55775E+01 -2.00846E+02 -3.17932E+01
  6.59775E+01 -2.00446E+02 -2.84347E+01
  6.63776E+01 -2.00046E+02 -3.06850E+01
  6.67777E+01 -1.99646E+02 -3.07489E+01
  6.71777E+01 -1.99246E+02 -2.74736E+01
  6.75778E+01 -1.98846E+02 -2.30271E+01
  6.79778E+01 -1.98445E+02 -2.35517E+01
  6.83779E+01 -1.98045E+02 -1.55680E+01
  6.87779E+01 -1.97645E+02 -1.56507E+01
  6.91780E+01 -1.97245E+02 -1.06611E+01
  6.95780E+01 -1.96845E+02 -2.10159E+00
  6.99781E+01 -1.96445E+02  2.83706E+00
  7.03782E+01 -1.96045E+02  6.23986E+00
  7.07782E+01 -1.95645E+02  1.24403E+01
  7.11783E+01 -1.95245E+02  1.80305E+01
  7.15783E+01 -1.94845E+02  1.51841E+01
  7.19784E+01 -1.94445E+02  1.80035E+01
  7.23784E+01 -1.94045E+02  2.19176E+01
  7.27785E+01 -1.93645E+02  2.22642E+01
  7.31786E+01 -1.93245E+02  1.85616E+01
  7.35786E+01 -1.92845E+02  2.11860E+01
  7.39787E+01 -1.92445E+02  1.73107E+01
  7.43787E+01 -1.92045E+02  1.76260E+01
  7.47788E+01 -1.91644E+02  1.30166E+01
  7.51789E+01 -1.91244E+02  8.60855E+00
  7.55789E+01 -1.90844E+02  2.95895E+00
  7.59790E+01 -1.90444E+02  1.46973E+01
  7.63790E+01 -1.90044E+02  9.41658E+00
  7.67791E+01 -1.89644E+02  1.42762E+01
  7.71791E+01 -1.89244E+02  3.21306E+00
  7.75792E+01 -1.88844E+02  1.10535E+01
  7.79792E+01 -1.88444E+02  1.04460E+01
  7.83793E+01 -1.88044E+02  1.00546E+01
  7.87794E+01 -1.87644E+02  1.40036E+01
  7.91794E+01 -1.87244E+02  1.15641E+01
  7.95795E+01 -1.86844E+02  1.27055E+01
  7.99795E+01 -1.86444E+02  7.69262E+00
  8.03796E+01 -1.86044E+02  6.24768E+00
  8.07796E+01 -1.85644E+02  3.99639E+00
  8.11797E+01 -1.85244E+02 -3.10713E+00
  8.15798E+01 -1.84844E+02 -3.57612E+00
  8.19798E+01 -1.84443E+02 -2.40646E+00
  8.23799E+01 -1.84043E+02 -6.11705E+00
  8.27799E+01 -1.83643E+02 -8.94361E+00
  8.31800E+01 -1.83243E+02 -7.41160E+00
  8.35800E+01 -1.82843E+02 -8.17221E+00
  8.39801E+01 -1.82443E+02 -1.17715E+01
  8.43802E+01 -1.82043E+02 -6.95528E+00
  8.47802E+01 -1.81643E+02 -1.08787E+01
  8.51803E+01 -1.81243E+02 -8.38822E+00
  8.55803E+01 -1.80843E+02 -1.08053E+01
  8.59804E+01 -1.80443E+02 -9.77398E+00
  8.63805E+01 -1.80043E+02 -1.11001E+01
  8.67805E+01 -1.79643E+02 -8.79447E+00
  8.71806E+01 -1.79243E+02 -1.11475E+01
  8.75806E+01 -1.78843E+02 -7.88641E+00
  8.79807E+01 -1.78443E+02 -9.00974E+00
  8.83807E+01 -1.78043E+02 -9.11586E+00
  8.87808E+01 -1.77643E+02 -8.36931E+00
  8.91808E+01 -1.77242E+02 -8.88425E+00
  8.95809E+01 -1.76842E+02 -1.06870E+01
  8.99810E+01 -1.76442E+02 -1.04666E+01
  9.03810E+01 -1.76042E+02 -8.72519E+00
  9.07811E+01 -1.75642E+02 -5.77855E+00
  9.11811E+01 -1.75242E+02 -3.46987E+00
  9.15812E+01 -1.74842E+02 -6.13374E+00
  9.19812E+01 -1.74442E+02  7.57321E-01
  9.23813E+01 -1.74042E+02  2.26813E+00
  9.27814E+01 -1.73642E+02  2.69241E+00
  9.31814E+01 -1.73242E+02  3.17822E+00
  9.35815E+01 -1.72842E+02  4.26354E+00
  9.39815E+01 -1.72442E+02  2.99893E+00
  9.43816E+01 -1.72042E+02  7.11905E+00
  9.47816E+01 -1.71642E+02  7.53284E+00
  9.51817E+01 -1.71242E+02  7.52432E+00
  9.55818E+01 -1.70842E+02  3.59705E+00
  9.59818E+01 -1.70441E+02  4.46526E+00
  9.63819E+01 -1.70041E+02  4.15085E+00
  9.67819E+01 -1.69641E+02  4.14894E+00
  9.71820E+01 -1.69241E+02  3.38376E+00
  9.75820E+01 -1.68841E+02  3.16593E+00
  9.79821E+01 -1.68441E+02  7.12105E+00
  9.83822E+01 -1.68041E+02  7.04660E+00
  9.87822E+01 -1.67641E+02  9.38850E+00
  9.91823E+01 -1.67241E+02  8.09578E+00
  9.95823E+01 -1.66841E+02  1.05434E+01
  9.99824E+01 -1.66441E+02  1.25337E+01
  1.00382E+02 -1.66041E+02  1.08915E+01
  1.00783E+02 -1.65641E+02  8.00016E+00
  1.01183E+02 -1.65241E+02  8.89264E+00
  1.01583E+02 -1.64841E+02  7.53308E+00
  1.01983E+02 -1.64441E+02  6.78605E+00
  1.02383E+02 -1.64041E+02  1.70208E+00
  1.02783E+02 -1.63641E+02  5.47871E+00
  1.03183E+02 -1.63240E+02  2.59147E+00
  1.03583E+02 -1.62840E+02 -1.96500E-01
  1.03983E+02 -1.62440E+02 -3.61057E+00
  1.04383E+02 -1.62040E+02 -3.99295E+00
  1.04783E+02 -1.61640E+02 -1.86977E+00
  1.05183E+02 -1.61240E+02 -4.05759E+00
  1.05583E+02 -1.60840E+02 -6.28565E+00
  1.05983E+02 -1.60440E+02 -6.48341E+00
  1.06383E+02 -1.60040E+02 -6.13313E+00
  1.06783E+02 -1.59640E+02 -5.39775E+00
  1.07183E+02 -1.59240E+02 -7.13359E+00
  1.07583E+02 -1.58840E+02 -7.87602E+00
  1.07984E+02 -1.58440E+02 -8.34256E+00
  1.08384E+02 -1.58040E+02 -9.14295E+00
  1.08784E+02 -1.57640E+02 -3.39089E+00
  1.09184E+02 -1.57240E+02 -6.28537E+00
  1.09584E+02 -1.56840E+02 -7.89275E+00
  1.09984E+02 -1.56439E+02 -8.48595E+00
  1.10384E+02 -1.56039E+02 -2.03845E+00
  1.10784E+02 -1.55639E+02 -2.50343E+00
  1.11184E+02 -1.55239E+02 -5.79459E+00
  1.11584E+02 -1.54839E+02 -5.01680E+00
  1.11984E+02 -1.54439E+02 -2.33293E+00
  1.12384E+02 -1.54039E+02  5.96050E-01
  1.12784E+02 -1.53639E+02 -8.86481E-01
  1.13184E+02 -1.53239E+02  6.19332E-01
  1.13584E+02 -1.52839E+02  2.72557E+00
  1.13984E+02 -1.52439E+02  2.91802E-01
  1.14384E+02 -1.52039E+02  3.67910E+00
  1.14785E+02 -1.51639E+02  4.85699E+00
  1.15185E+02 -1.51239E+02  6.70314E+00
  1.15585E+02 -1.50839E+02  3.60522E+00
  1.15985E+02 -1.50439E+02  5.11363E+00
  1.16385E+02 -1.50039E+02  1.63494E+00
  1.16785E+02 -1.49639E+02  4.69054E+00
  1.17185E+02 -1.49238E+02  4.47105E+00
  1.17585E+02 -1.48838E+02  1.51832E+00
  1.17985E+02 -1.48438E+02 -1.15462E+00
  1.18385E+02 -1.48038E+02  7.09611E-01
  1.18785E+02 -1.47638E+02  4.35260E+00
  1.19185E+02 -1.47238E+02  1.70564E+00
  1.19585E+02 -1.46838E+02  9.53839E-01
  1.19985E+02 -1.46438E+02 -1.73683E-01
  1.20385E+02 -1.46038E+02  2.05184E+00
  1.20785E+02 -1.45638E+02  5.85014E+00
  1.21185E+02 -1.45238E+02  3.73826E+00
  1.21585E+02 -1.44838E+02  7.05102E-01
  1.21986E+02 -1.44438E+02  1.43422E+00
  1.22386E+02 -1.44038E+02  4.18469E+00
  1.22786E+02 -1.43638E+02  4.80811E+00
  1.23186E+02 -1.43238E+02  7.56581E+00
  1.23586E+02 -1.42838E+02  6.22821E-01
  1.23986E+02 -1.42437E+02  3.84112E+00
  1.24386E+02 -1.42037E+02  5.59578E+00
  1.24786E+02 -1.41637E+02  3.65563E+00
  1.25186E+02 -1.41237E+02 -1.03785E+00
  1.25586E+02 -1.40837E+02 -1.17878E+00
  1.25986E+02 -1.40437E+02  2.56609E+00
  1.26386E+02 -1.40037E+02  1.30625E+00
  1.26786E+02 -1.39637E+02 -5.34473E+00
  1.27186E+02 -1.39237E+02 -5.78574E+00
  1.27586E+02 -1.38837E+02 -4.00635E+00
  1.27986E+02 -1.38437E+02 -3.31028E+00
  1.28386E+02 -1.38037E+02 -4.37998E+00
  1.28786E+02 -1.37637E+02 -8.86135E+00
  1.29187E+02 -1.37237E+02 -5.90242E+00
  1.29587E+02 -1.36837E+02 -4.62395E+00
  1.29987E+02 -1.36437E+02 -3.70859E+00
  1.30387E+02 -1.36037E+02 -6.58783E+00
  1.30787E+02 -1.35637E+02 -4.38929E+00
  1.31187E+02 -1.35236E+02 -8.28700E-01
  1.31587E+02 -1.34836E+02 -1.93625E+00
  1.31987E+02 -1.34436E+02 -2.77160E+00
  1.32387E+02 -1.34036E+02 -2.75110E+00
  1.32787E+02 -1.33636E+02  3.21038E+00
  1.33187E+02 -1.33236E+02  6.86835E-02
  1.33587E+02 -1.32836E+02  7.78330E-01
  1.33987E+02 -1.32436E+02  1.81463E+00
  1.34387E+02 -1.32036E+02  3.80915E+00
  1.34787E+02 -1.31636E+02  6.70868E+00
  1.35187E+02 -1.31236E+02  3.21612E+00
  1.35587E+02 -1.30836E+02  9.28725E-01
  1.35988E+02 -1.30436E+02  2.00716E-02
  1.36388E+02 -1.30036E+02  4.79323E+00
  1.36788E+02 -1.29636E+02 -2.56273E-01
  1.37188E+02 -1.29236E+02 -3.76931E+00
  1.37588E+02 -1.28836E+02 -3.22983E+00
  1.37988E+02 -1.28435E+02 -3.25636E+00
  1.38388E+02 -1.28035E+02  3.41682E+00
  1.38788E+02 -1.27635E+02 -8.78378E-01
  1.39188E+02 -1.27235E+02 -2.55143E+00
  1.39588E+02 -1.26835E+02  1.33138E+00
  1.39988E+02 -1.26435E+02  6.53314E+00
  1.40388E+02 -1.26035E+02  1.32692E+01
  1.40788E+02 -1.25635E+02  5.72301E+00
  1.41188E+02 -1.25235E+02 -2.48281E+00
  1.41588E+02 -1.24835E+02 -6.15500E+00
  1.41988E+02 -1.24435E+02  2.91701E-01
  1.42388E+02 -1.24035E+02  7.95427E+00
  1.42788E+02 -1.23635E+02 -8.71926E-01
  1.43189E+02 -1.23235E+02 -4.79198E+00
  1.43589E+02 -1.22835E+02 -1.01031E+00
  1.43989E+02 -1.22435E+02  3.16900E+00
  1.44389E+02 -1.22035E+02  2.61607E+00
  1.44789E+02 -1.21635E+02  4.67788E+00
  1.45189E+02 -1.21234E+02  6.02692E-01
  1.45589E+02 -1.20834E+02 -6.11307E-02
  1.45989E+02 -1.20434E+02  6.49415E+00
  1.46389E+02 -1.20034E+02  6.60935E-01
  1.46789E+02 -1.19634E+02 -1.14890E+00
  1.47189E+02 -1.19234E+02 -4.62142E+00
  1.47589E+02 -1.18834E+02 -8.80341E-02
  1.47989E+02 -1.18434E+02  4.80103E+00
  1.48389E+02 -1.18034E+02 -9.87384E-01
  1.48789E+02 -1.17634E+02 -5.32190E+00
  1.49189E+02 -1.17234E+02  6.99462E-01
  1.49589E+02 -1.16834E+02  4.04972E+00
  1.49990E+02 -1.16434E+02 -6.92189E-01
  1.50390E+02 -1.16034E+02 -4.96895E+00
  1.50790E+02 -1.15634E+02 -6.33680E+00
  1.51190E+02 -1.15234E+02 -6.85450E+00
  1.51590E+02 -1.14834E+02 -2.83864E+00
  1.51990E+02 -1.14433E+02 -9.64295E+00
  1.52390E+02 -1.14033E+02 -1.49981E+01
  1.52790E+02 -1.13633E+02 -1.35212E+01
  1.53190E+02 -1.13233E+02 -6.14285E+00
  1.53590E+02 -1.12833E+02 -2.39302E-01
  1.53990E+02 -1.12433E+02 -3.04597E+00
  1.54390E+02 -1.12033E+02  1.38739E-01
  1.54790E+02 -1.11633E+02  3.65100E+00
  1.55190E+02 -1.11233E+02  4.21203E+00
  1.55590E+02 -1.10833E+02  7.30285E+00
  1.55990E+02 -1.10433E+02 -1.80731E+00
  1.56390E+02 -1.10033E+02  3.83224E+00
  1.56790E+02 -1.09633E+02  5.59060E+00
  1.57191E+02 -1.09233E+02  1.98885E+00
  1.57591E+02 -1.08833E+02 -4.28638E+00
  1.57991E+02 -1.08433E+02 -5.44066E+00
  1.58391E+02 -1.08033E+02  3.24831E+00
  1.58791E+02 -1.07633E+02  6.07529E+00
  1.59191E+02 -1.07232E+02  4.86084E-01
  1.59591E+02 -1.06832E+02  1.10493E+00
  1.59991E+02 -1.06432E+02  5.12101E-01
  1.60391E+02 -1.06032E+02  7.50453E+00
  1.60791E+02 -1.05632E+02  3.65865E+00
  1.61191E+02 -1.05232E+02  1.80085E+00
  1.61591E+02 -1.04832E+02  1.25780E+00
  1.61991E+02 -1.04432E+02  7.55453E+00
  1.62391E+02 -1.04032E+02  8.59407E+00
  1.62791E+02 -1.03632E+02  5.87230E+00
  1.63191E+02 -1.03232E+02 -4.76612E-01
  1.63591E+02 -1.02832E+02 -9.40498E-01
  1.63992E+02 -1.02432E+02  2.00343E+00
  1.64392E+02 -1.02032E+02  1.98205E+00
  1.64792E+02 -1.01632E+02 -1.36651E+00
  1.65192E+02 -1.01232E+02  5.77286E-01
  1.65592E+02 -1.00832E+02  2.89972E+00
  1.65992E+02 -1.00431E+02  4.32169E+00
  1.66392E+02 -1.00031E+02  1.08706E+00
  1.66792E+02 -9.96314E+01 -4.64965E+00
  1.67192E+02 -9.92313E+01 -1.47007E+00
  1.67592E+02 -9.88313E+01 -8.91099E-01
  1.67992E+02 -9.84312E+01  4.92241E+00
  1.68392E+02 -9.80311E+01 -6.31921E+00
  1.68792E+02 -9.76311E+01 -1.12378E+01
  1.69192E+02 -9.72310E+01 -7.43863E+00
  1.69592E+02 -9.68310E+01  1.91792E+00
  1.69992E+02 -9.64309E+01 -8.05769E-01
  1.70392E+02 -9.60309E+01 -7.28441E+00
  1.70792E+02 -9.56308E+01 -1.05042E+01
  1.71193E+02 -9.52307E+01 -4.82446E+00
  1.71593E+02 -9.48307E+01  8.73299E+00
  1.71993E+02 -9.44306E+01  5.23484E+00
  1.72393E+02 -9.40306E+01 -6.44258E+00
  1.72793E+02 -9.36305E+01 -2.17229E+01
  1.73193E+02 -9.32305E+01 -1.21993E+01
  1.73593E+02 -9.28304E+01  9.44061E+00
  1.73993E+02 -9.24303E+01  1.45016E+01
  1.74393E+02 -9.20303E+01  1.02115E+01
  1.74793E+02 -9.16302E+01  2.84404E-01
  1.75193E+02 -9.12302E+01  1.07805E-01
  1.75593E+02 -9.08301E+01  9.77365E+00
  1.75993E+02 -9.04301E+01  4.87223E+00
  1.76393E+02 -9.00300E+01  8.25184E+00
  1.76793E+02 -8.96299E+01 -8.03416E+00
  1.77193E+02 -8.92299E+01 -2.06136E+00
  1.77593E+02 -8.88298E+01  1.08956E+00
  1.77994E+02 -8.84298E+01  3.43298E+00
  1.78394E+02 -8.80297E+01  3.66499E+00
  1.78794E+02 -8.76297E+01  3.75647E+00
  1.79194E+02 -8.72296E+01 -6.82996E+00
  1.79594E+02 -8.68295E+01 -6.35012E+00
  1.79994E+02 -8.64295E+01  4.44318E-01
  1.80394E+02 -8.60294E+01  3.59655E+00
  1.80794E+02 -8.56294E+01 -2.79991E+00
  1.81194E+02 -8.52293E+01 -3.32684E+00
  1.81594E+02 -8.48293E+01 -7.36886E+00
  1.81994E+02 -8.44292E+01 -1.46949E+00
  1.82394E+02 -8.40291E+01 -3.27085E+00
  1.82794E+02 -8.36291E+01  2.31090E+00
  1.83194E+02 -8.32290E+01  6.25874E+00
  1.83594E+02 -8.28290E+01  1.59457E+00
  1.83994E+02 -8.24289E+01  2.13651E+00
  1.84394E+02 -8.20289E+01 -7.47093E+00
  1.84794E+02 -8.16288E+01  7.67222E+00
  1.85195E+02 -8.12287E+01  4.46856E+00
  1.85595E+02 -8.08287E+01  1.72686E+00
  1.85995E+02 -8.04286E+01 -6.98331E+00
  1.86395E+02 -8.00286E+01 -1.87707E+00
  1.86795E+02 -7.96285E+01  1.41093E+00
  1.87195E+02 -7.92285E+01  3.61158E+00
  1.87595E+02 -7.88284E+01  2.48818E+00
  1.87995E+02 -7.84283E+01  1.92826E+00
  1.88395E+02 -7.80283E+01  5.25126E+00
  1.88795E+02 -7.76282E+01 -2.36905E+00
  1.89195E+02 -7.72282E+01 -2.38910E+00
  1.89595E+02 -7.68281E+01 -1.36271E+00
  1.89995E+02 -7.64281E+01  3.25696E-01
  1.90395E+02 -7.60280E+01  3.40861E-01
  1.90795E+02 -7.56279E+01 -1.72504E+00
  1.91195E+02 -7.52279E+01 -7.43003E+00
  1.91595E+02 -7.48278E+01 -1.01445E+01
  1.91996E+02 -7.44278E+01 -9.42227E+00
  1.92396E+02 -7.40277E+01 -2.83250E+00
  1.92796E+02 -7.36277E+01  6.48650E+00
  1.93196E+02 -7.32276E+01  1.72819E+00
  1.93596E+02 -7.28275E+01  1.28535E+00
  1.93996E+02 -7.24275E+01 -1.51728E-02
  1.94396E+02 -7.20274E+01  5.46269E-01
  1.94796E+02 -7.16274E+01  6.78917E+00
  1.95196E+02 -7.12273E+01  1.01905E+01
  1.95596E+02 -7.08273E+01  9.12814E+00
  1.95996E+02 -7.04272E+01  7.51745E+00
  1.96396E+02 -7.00271E+01  9.40684E+00
  1.96796E+02 -6.96271E+01  5.89224E+00
  1.97196E+02 -6.92270E+01  3.17506E+00
  1.97596E+02 -6.88270E+01 -1.93356E+00
  1.97996E+02 -6.84269E+01  1.47708E+00
  1.98396E+02 -6.80269E+01  1.76227E+01
  1.98796E+02 -6.76268E+01  1.45567E+01
  1.99197E+02 -6.72267E+01 -2.44313E+01
  1.99597E+02 -6.68267E+01 -3.88305E+01
  1.99997E+02 -6.64266E+01 -3.08224E+01
  2.00397E+02 -6.60266E+01 -2.55371E+00
  2.00797E+02 -6.56265E+01  1.01033E+01
  2.01197E+02 -6.52265E+01  1.61631E+00
  2.01597E+02 -6.48264E+01 -8.52858E+00
  2.01997E+02 -6.44263E+01 -1.04895E+01
  2.02397E+02 -6.40263E+01 -1.47607E+01
  2.02797E+02 -6.36262E+01  2.03846E+00
  2.03197E+02 -6.32262E+01  1.44456E+01
  2.03597E+02 -6.28261E+01  1.54778E+01
  2.03997E+02 -6.24261E+01  4.20022E+00
  2.04397E+02 -6.20260E+01  5.50483E+00
  2.04797E+02 -6.16259E+01  2.04078E+01
  2.05197E+02 -6.12259E+01  2.38340E+01
  2.05597E+02 -6.08258E+01  7.32203E+00
  2.05998E+02 -6.04258E+01  3.08402E+00
  2.06398E+02 -6.00257E+01  8.72668E+00
  2.06798E+02 -5.96257E+01  3.10391E+01
  2.07198E+02 -5.92256E+01  1.00612E+01
  2.07598E+02 -5.88256E+01 -2.29083E+01
  2.07998E+02 -5.84255E+01 -1.79709E+01
  2.08398E+02 -5.80254E+01 -1.47149E+01
  2.08798E+02 -5.76254E+01 -1.55087E+01
  2.09198E+02 -5.72253E+01 -1.49710E+01
  2.09598E+02 -5.68253E+01 -1.61499E+00
  2.09998E+02 -5.64252E+01  1.60148E+01
  2.10398E+02 -5.60251E+01  9.37753E+00
  2.10798E+02 -5.56251E+01 -2.28570E+00
  2.11198E+02 -5.52250E+01  8.61169E+00
  2.11598E+02 -5.48250E+01  4.41189E+00
  2.11998E+02 -5.44249E+01 -1.21841E+01
  2.12398E+02 -5.40249E+01 -1.77706E+01
  2.12798E+02 -5.36248E+01 -9.71002E+00
  2.13199E+02 -5.32248E+01  5.92714E+00
  2.13599E+02 -5.28247E+01 -4.51424E+00
  2.13999E+02 -5.24246E+01 -1.77698E+01
  2.14399E+02 -5.20246E+01  1.12442E+01
  2.14799E+02 -5.16245E+01  2.53710E+01
  2.15199E+02 -5.12245E+01  1.00965E+01
  2.15599E+02 -5.08244E+01 -1.47893E+01
  2.15999E+02 -5.04243E+01 -1.45390E+01
  2.16399E+02 -5.00243E+01  2.65627E+01
  2.16799E+02 -4.96242E+01  8.73713E+00
  2.17199E+02 -4.92242E+01 -4.78459E+01
  2.17599E+02 -4.88241E+01 -2.40775E+01
  2.17999E+02 -4.84241E+01  2.77780E+01
  2.18399E+02 -4.80240E+01  2.78453E+01
  2.18799E+02 -4.76240E+01  5.80499E+00
  2.19199E+02 -4.72239E+01  1.55212E+01
  2.19599E+02 -4.68238E+01  2.45812E+01
  2.20000E+02 -4.64238E+01  2.23488E+01
  2.20400E+02 -4.60237E+01  2.08180E+01
  2.20800E+02 -4.56237E+01 -5.06150E+01
  2.21200E+02 -4.52236E+01 -4.70416E+01
  2.21600E+02 -4.48236E+01 -1.85795E+01
  2.22000E+02 -4.44235E+01  3.62578E+01
  2.22400E+02 -4.40234E+01  1.28107E+01
  2.22800E+02 -4.36234E+01 -2.69002E+01
  2.23200E+02 -4.32233E+01 -1.44641E+01
  2.23600E+02 -4.28233E+01 -2.33529E+01
  2.24000E+02 -4.24232E+01 -1.30195E+01
  2.24400E+02 -4.20232E+01  2.91901E+01
  2.24800E+02 -4.16231E+01  1.52968E+00
  2.25200E+02 -4.12230E+01 -5.10681E+01
  2.25600E+02 -4.08230E+01 -1.70752E+01
  2.26000E+02 -4.04229E+01  2.07216E+01
  2.26400E+02 -4.00229E+01  2.97923E+01
  2.26800E+02 -3.96228E+01 -7.71921E+00
  2.27201E+02 -3.92228E+01  1.76004E+01
  2.27601E+02 -3.88227E+01  9.09808E+00
  2.28001E+02 -3.84226E+01  2.67501E+01
  2.28401E+02 -3.80226E+01  1.54012E+01
  2.28801E+02 -3.76225E+01  8.57524E+00
  2.29201E+02 -3.72225E+01  1.60554E+01
  2.29601E+02 -3.68224E+01  8.25319E+00
  2.30001E+02 -3.64224E+01  9.09022E+00
  2.30401E+02 -3.60223E+01  2.55101E+00
  2.30801E+02 -3.56222E+01  9.39913E+00
  2.31201E+02 -3.52222E+01  2.46611E+01
  2.31601E+02 -3.48221E+01  2.70453E+01
  2.32001E+02 -3.44221E+01 -1.14448E+00
  2.32401E+02 -3.40220E+01 -1.36713E+01
  2.32801E+02 -3.36220E+01  7.58437E+00
  2.33201E+02 -3.32219E+01  4.26170E+00
  2.33601E+02 -3.28218E+01 -2.75632E+01
  2.34001E+02 -3.24218E+01 -3.42394E+01
  2.34402E+02 -3.20217E+01 -1.94592E+01
  2.34802E+02 -3.16217E+01 -6.02038E+00
  2.35202E+02 -3.12216E+01  1.85123E+00
  2.35602E+02 -3.08216E+01  1.21431E+01
  2.36002E+02 -3.04215E+01  9.51485E+00
  2.36402E+02 -3.00214E+01  3.05780E+00
  2.36802E+02 -2.96214E+01 -5.54126E+00
  2.37202E+02 -2.92213E+01 -2.40990E+00
  2.37602E+02 -2.88213E+01 -2.55624E+01
  2.38002E+02 -2.84212E+01 -7.27824E-01
  2.38402E+02 -2.80212E+01  1.00884E+01
  2.38802E+02 -2.76211E+01 -2.11966E+01
  2.39202E+02 -2.72210E+01 -1.24740E+01
  2.39602E+02 -2.68210E+01  7.97860E+00
  2.40002E+02 -2.64209E+01  8.81218E+00
  2.40402E+02 -2.60209E+01  7.28319E-01
  2.40802E+02 -2.56208E+01 -6.29908E+00
  2.41203E+02 -2.52208E+01 -5.25834E+00
  2.41603E+02 -2.48207E+01  5.99884E+00
  2.42003E+02 -2.44206E+01  1.49307E+01
  2.42403E+02 -2.40206E+01 -3.63765E+00
  2.42803E+02 -2.36205E+01 -3.79749E+00
  2.43203E+02 -2.32205E+01  1.76203E+01
  2.43603E+02 -2.28204E+01  5.72940E+00
  2.44003E+02 -2.24204E+01  3.93794E+00
  2.44403E+02 -2.20203E+01 -4.64785E-01
  2.44803E+02 -2.16202E+01 -1.73857E+01
  2.45203E+02 -2.12202E+01 -1.38079E+01
  2.45603E+02 -2.08201E+01 -4.68302E+00
  2.46003E+02 -2.04201E+01 -1.33546E+00
  2.46403E+02 -2.00200E+01 -7.60139E+00
  2.46803E+02 -1.96200E+01 -2.00217E+01
  2.47203E+02 -1.92199E+01 -7.66560E+00
  2.47603E+02 -1.88198E+01 -4.60830E+00
  2.48003E+02 -1.84198E+01  2.91068E+01
  2.48404E+02 -1.80197E+01  5.99298E+00
  2.48804E+02 -1.76197E+01 -9.63776E+00
  2.49204E+02 -1.72196E+01  2.60472E+01
  2.49604E+02 -1.68196E+01 -6.55929E+00
  2.50004E+02 -1.64195E+01 -2.57818E+01
  2.50404E+02 -1.60194E+01 -9.36967E+00
  2.50804E+02 -1.56194E+01 -1.04693E+01
  2.51204E+02 -1.52193E+01  9.13936E+00
  2.51604E+02 -1.48193E+01 -2.66964E+01
  2.52004E+02 -1.44192E+01 -4.70480E+01
  2.52404E+02 -1.40192E+01 -2.65721E+01
  2.52804E+02 -1.36191E+01 -7.08369E+00
  2.53204E+02 -1.32190E+01 -3.62944E+01
  2.53604E+02 -1.28190E+01 -1.96344E+01
  2.54004E+02 -1.24189E+01  2.02490E+01
  2.54404E+02 -1.20189E+01  1.26001E+01
  2.54804E+02 -1.16188E+01  2.19550E+01
  2.55205E+02 -1.12188E+01  2.12161E+01
  2.55605E+02 -1.08187E+01  1.46261E+01
  2.56005E+02 -1.04186E+01  1.89476E+01
  2.56405E+02 -1.00186E+01  1.06775E+01
  2.56805E+02 -9.61853E+00  3.26886E+01
  2.57205E+02 -9.21847E+00  1.79769E+01
  2.57605E+02 -8.81842E+00  1.45321E-01
  2.58005E+02 -8.41836E+00 -1.18080E+01
  2.58405E+02 -8.01830E+00 -9.20961E+00
  2.58805E+02 -7.61825E+00  1.29276E+01
  2.59205E+02 -7.21819E+00 -1.40127E+01
  2.59605E+02 -6.81813E+00  5.18401E+00
  2.60005E+02 -6.41807E+00  1.05756E+01
  2.60405E+02 -6.01802E+00 -1.17909E+01
  2.60805E+02 -5.61796E+00  2.69013E+01
  2.61205E+02 -5.21790E+00  7.65433E-02
  2.61605E+02 -4.81785E+00  7.99002E+00
  2.62005E+02 -4.41779E+00  1.28213E+01
  2.62406E+02 -4.01773E+00 -1.09375E+00
  2.62806E+02 -3.61768E+00  2.89944E+01
  2.63206E+02 -3.21762E+00  6.80517E+00
  2.63606E+02 -2.81756E+00  1.11981E+01
  2.64006E+02 -2.41750E+00  2.55881E+01
  2.64406E+02 -2.01745E+00  1.10957E+01
  2.64806E+02 -1.61739E+00  1.62988E+01
  2.65206E+02 -1.21733E+00  2.32848E+01
  2.65606E+02 -8.17276E-01  1.26905E+01
  2.66006E+02 -4.17218E-01  3.57538E+01
  2.66406E+02 -1.71614E-02  1.05427E+02
  2.66806E+02  3.82896E-01 -2.05031E+02
  2.67206E+02  7.82953E-01  1.15899E+01
  2.67606E+02  1.18301E+00 -7.41997E+00
  2.68006E+02  1.58307E+00 -7.62599E+00
  2.68406E+02  1.98312E+00 -3.90502E+00
  2.68806E+02  2.38318E+00 -5.20950E+00
  2.69207E+02  2.78324E+00 -6.92401E+00
  2.69607E+02  3.18330E+00 -6.77376E+00
  2.70007E+02  3.58335E+00 -7.88630E+00
  2.70407E+02  3.98341E+00 -8.96478E+00
  2.70807E+02  4.38347E+00 -9.44707E+00
  2.71207E+02  4.78352E+00 -1.06196E+01
  2.71607E+02  5.18358E+00 -1.05709E+01
  2.72007E+02  5.58364E+00 -1.21499E+01
  2.72407E+02  5.98369E+00 -1.21290E+01
  2.72807E+02  6.38375E+00 -1.12568E+01
  2.73207E+02  6.78381E+00 -1.06494E+01
  2.73607E+02  7.18387E+00 -8.92227E+00
  2.74007E+02  7.58392E+00 -8.98069E+00
  2.74407E+02  7.98398E+00 -7.96905E+00
  2.74807E+02  8.38404E+00 -7.77831E+00
  2.75207E+02  8.78409E+00 -7.13050E+00
  2.75607E+02  9.18415E+00 -6.48076E+00
  2.76008E+02  9.58421E+00 -5.07643E+00
  2.76408E+02  9.98427E+00 -5.08311E+00
  2.76808E+02  1.03843E+01 -3.78309E+00
  2.77208E+02  1.07844E+01 -1.04148E+00
  2.77608E+02  1.11844E+01  3.75329E+00
  2.78008E+02  1.15845E+01  5.78459E+00
  2.78408E+02  1.19846E+01  7.21183E+00
  2.78808E+02  1.23846E+01  7.74895E+00
  2.79208E+02  1.27847E+01  5.98791E+00
  2.79608E+02  1.31847E+01  4.99356E+00
  2.80008E+02  1.35848E+01  2.78100E+00
  2.80408E+02  1.39848E+01  5.58288E-01
  2.80808E+02  1.43849E+01  7.53577E-02
  2.81208E+02  1.47850E+01  6.57971E-02
  2.81608E+02  1.51850E+01 -1.99094E-03
  2.82008E+02  1.55851E+01  3.87396E-02
  2.82408E+02  1.59851E+01  4.81242E-02
  2.82808E+02  1.63852E+01  7.13545E-02
  2.83209E+02  1.67852E+01  2.68744E-02
  2.83609E+02  1.71853E+01 -7.33196E-02
  2.84009E+02  1.75853E+01 -8.70051E-02
  2.84409E+02  1.79854E+01  2.65084E-01
  2.84809E+02  1.83855E+01 -4.07650E-01
  2.85209E+02  1.87855E+01  3.82630E-01
  2.85609E+02  1.91856E+01 -4.49166E-01
  2.86009E+02  1.95856E+01  3.31227E-01
  2.86409E+02  1.99857E+01 -2.35622E-01
  2.86809E+02  2.03857E+01  8.50240E-02
  2.87209E+02  2.07858E+01  5.95437E-02
  2.87609E+02  2.11859E+01 -1.22558E-01
  2.88009E+02  2.15859E+01 -3.09086E-02
  2.88409E+02  2.19860E+01 -1.68779E-02
  2.88809E+02  2.23860E+01 -2.58518E-01
  2.89209E+02  2.27861E+01  1.85113E-01
  2.89609E+02  2.31861E+01 -2.05267E-01
  2.90009E+02  2.35862E+01  3.02011E-02
  2.90410E+02  2.39863E+01 -1.88973E-02
  2.90810E+02  2.43863E+01 -1.46641E-01
  2.91210E+02  2.47864E+01  1.98802E-01
  2.91610E+02  2.51864E+01 -4.16183E-02
  2.92010E+02  2.55865E+01 -9.46462E-02
  2.92410E+02  2.59865E+01  2.62164E-01
  2.92810E+02  2.63866E+01 -3.15127E-01
  2.93210E+02  2.67867E+01  1.05934E-01
  2.93610E+02  2.71867E+01  7.74748E-02
  2.94010E+02  2.75868E+01 -1.95436E-01
  2.94410E+02  2.79868E+01  1.77235E-01
  2.94810E+02  2.83869E+01 -8.56622E-02
  2.95210E+02  2.87869E+01  1.84261E-02
  2.95610E+02  2.91870E+01  3.07267E-02
  2.96010E+02  2.95871E+01  2.22484E-02
  2.96410E+02  2.99871E+01  2.21221E-02
  2.96810E+02  3.03872E+01  8.24698E-02
  2.97211E+02  3.07872E+01  4.82251E-02
  2.97611E+02  3.11873E+01  6.10812E-02
  2.98011E+02  3.15873E+01 -1.02428E-02
  2.98411E+02  3.19874E+01 -5.56513E-02
  2.98811E+02  3.23875E+01 -2.14157E-02
  2.99211E+02  3.27875E+01  2.97464E-02
  2.99611E+02  3.31876E+01  6.83734E-02
  3.00011E+02  3.35876E+01 -3.30658E-02
  3.00411E+02  3.39877E+01 -2.78585E-03
  3.00811E+02  3.43877E+01  4.50497E-02
  3.01211E+02  3.47878E+01  3.36708E-02
  3.01611E+02  3.51879E+01 -2.83756E-02
  3.02011E+02  3.55879E+01  4.27302E-02
  3.02411E+02  3.59880E+01  1.45994E-01
  3.02811E+02  3.63880E+01 -5.18971E-02
  3.03211E+02  3.67881E+01 -9.48495E-02
  3.03611E+02  3.71881E+01  9.77071E-02
  3.04012E+02  3.75882E+01  1.42976E-01
  3.04412E+02  3.79883E+01  1.06258E-01
  3.04812E+02  3.83883E+01 -4.31304E-02
  3.05212E+02  3.87884E+01  3.00016E-02
  3.05612E+02  3.91884E+01  1.25311E-01
  3.06012E+02  3.95885E+01  3.04451E-02
  3.06412E+02  3.99885E+01  3.82190E-02
  3.06812E+02  4.03886E+01  8.59293E-02
  3.07212E+02  4.07887E+01 -2.08471E-02
  3.07612E+02  4.11887E+01  1.10958E-01
  3.08012E+02  4.15888E+01 -8.29992E-03
  3.08412E+02  4.19888E+01  4.67443E-02
  3.08812E+02  4.23889E+01 -1.57970E-02
  3.09212E+02  4.27889E+01  3.75316E-03
  3.09612E+02  4.31890E+01 -2.99053E-02
  3.10012E+02  4.35891E+01  3.34678E-02
  3.10412E+02  4.39891E+01  3.19858E-02
  3.10812E+02  4.43892E+01 -2.49661E-02
  3.11213E+02  4.47892E+01 -8.21940E-02
  3.11613E+02  4.51893E+01 -7.88404E-02
  3.12013E+02  4.55893E+01  2.66423E-02
  3.12413E+02  4.59894E+01 -3.35208E-02
  3.12813E+02  4.63895E+01 -1.18928E-01
  3.13213E+02  4.67895E+01 -1.78439E-01
  3.13613E+02  4.71896E+01 -1.20768E-01
  3.14013E+02  4.75896E+01 -1.02369E-01
  3.14413E+02  4.79897E+01 -1.23811E-01
  3.14813E+02  4.83897E+01 -1.87708E-01
  3.15213E+02  4.87898E+01 -1.11365E-01
  3.15613E+02  4.91899E+01 -9.22720E-02
  3.16013E+02  4.95899E+01 -3.86001E-02
  3.16413E+02  4.99900E+01 -1.20301E-01
  3.16813E+02  5.03900E+01 -1.27022E-01
  3.17213E+02  5.07901E+01 -5.66273E-02
  3.17613E+02  5.11901E+01 -1.07423E-01
  3.18013E+02  5.15902E+01 -2.91755E-02
  3.18414E+02  5.19903E+01  4.63158E-02
  3.18814E+02  5.23903E+01  1.12499E-02
  3.19214E+02  5.27904E+01  5.75273E-02
  3.19614E+02  5.31904E+01 -3.44640E-02
  3.20014E+02  5.35905E+01 -5.65949E-02
  3.20414E+02  5.39905E+01  4.46347E-02
  3.20814E+02  5.43906E+01  7.04131E-02
  3.21214E+02  5.47907E+01  1.65394E-02
  3.21614E+02  5.51907E+01 -1.99861E-02
  3.22014E+02  5.55908E+01  3.76053E-02
  3.22414E+02  5.59908E+01  1.13229E-01
  3.22814E+02  5.63909E+01  4.97197E-02
  3.23214E+02  5.67909E+01  7.36080E-02
  3.23614E+02  5.71910E+01  6.11483E-02
  3.24014E+02  5.75911E+01  3.91714E-02
  3.24414E+02  5.79911E+01  1.60867E-02
  3.24814E+02  5.83912E+01  6.43373E-02
  3.25215E+02  5.87912E+01  6.00431E-02
  3.25615E+02  5.91913E+01  7.51514E-02
  3.26015E+02  5.95913E+01  1.04338E-02
  3.26415E+02  5.99914E+01  4.09477E-02
  3.26815E+02  6.03915E+01  7.25400E-02
  3.27215E+02  6.07915E+01  7.98494E-02
  3.27615E+02  6.11916E+01  3.35864E-02
  3.28015E+02  6.15916E+01  4.02012E-02
  3.28415E+02  6.19917E+01  2.63334E-02
  3.28815E+02  6.23917E+01  1.00027E-01
  3.29215E+02  6.27918E+01  2.80991E-02
  3.29615E+02  6.31919E+01  2.35934E-02
  3.30015E+02  6.35919E+01 -3.25126E-02
  3.30415E+02  6.39920E+01  2.66641E-02
  3.30815E+02  6.43920E+01  8.47291E-03
  3.31215E+02  6.47921E+01 -4.07699E-03
  3.31615E+02  6.51921E+01 -3.02698E-02
  3.32015E+02  6.55922E+01 -4.02867E-02
  3.32416E+02  6.59922E+01  1.02018E-02
  3.32816E+02  6.63923E+01 -1.29560E-02
  3.33216E+02  6.67924E+01 -8.00214E-02
  3.33616E+02  6.71924E+01 -4.36792E-02
  3.34016E+02  6.75925E+01 -4.17046E-02
  3.34416E+02  6.79925E+01  2.51738E-02
  3.34816E+02  6.83926E+01 -3.32632E-02
  3.35216E+02  6.87926E+01  1.13581E-02
  3.35616E+02  6.91927E+01 -1.74578E-02
  3.36016E+02  6.95928E+01 -7.42249E-02
  3.36416E+02  6.99928E+01 -2.21255E-02
  3.36816E+02  7.03929E+01 -7.08674E-03
  3.37216E+02  7.07929E+01  2.37926E-02
  3.37616E+02  7.11930E+01  4.03285E-02
  3.38016E+02  7.15931E+01 -5.65191E-03
  3.38416E+02  7.19931E+01  4.07184E-02
  3.38816E+02  7.23932E+01  8.22912E-02
  3.39216E+02  7.27932E+01  4.15027E-02
  3.39617E+02  7.31933E+01 -5.46426E-02
  3.40017E+02  7.35933E+01 -2.02443E-02
  3.40417E+02  7.39934E+01  8.63228E-02
  3.40817E+02  7.43934E+01  1.07990E-01
  3.41217E+02  7.47935E+01  7.39783E-02
  3.41617E+02  7.51936E+01  7.47822E-02
  3.42017E+02  7.55936E+01  3.96358E-02
  3.42417E+02  7.59937E+01  3.39556E-02
  3.42817E+02  7.63937E+01 -4.05322E-02
  3.43217E+02  7.67938E+01 -4.60792E-02
  3.43617E+02  7.71938E+01 -3.10490E-02
  3.44017E+02  7.75939E+01 -3.16683E-02
  3.44417E+02  7.79940E+01 -1.14241E-02
  3.44817E+02  7.83940E+01  2.16870E-02
  3.45217E+02  7.87941E+01  9.29013E-03
  3.45617E+02  7.91941E+01 -1.63127E-02
  3.46017E+02  7.95942E+01  4.66604E-02
  3.46418E+02  7.99942E+01  2.60684E-02
  3.46818E+02  8.03943E+01  5.69162E-02
  3.47218E+02  8.07944E+01  7.23152E-02
  3.47618E+02  8.11944E+01  2.95461E-02
  3.48018E+02  8.15945E+01  8.07553E-02
  3.48418E+02  8.19945E+01  4.42466E-02
  3.48818E+02  8.23946E+01  4.32927E-02
  3.49218E+02  8.27947E+01  6.46611E-02
  3.49618E+02  8.31947E+01  1.32799E-01
  3.50018E+02  8.35948E+01  1.01379E-01
  3.50418E+02  8.39948E+01  1.21158E-02
  3.50818E+02  8.43949E+01  2.76663E-02
  3.51218E+02  8.47949E+01 -4.37238E-02
  3.51618E+02  8.51950E+01  8.24827E-03
  3.52018E+02  8.55950E+01  1.35690E-02
  3.52418E+02  8.59951E+01  1.49067E-02
  3.52818E+02  8.63952E+01 -9.31749E-04
  3.53219E+02  8.67952E+01 -2.41505E-02
  3.53619E+02  8.71953E+01  3.11075E-02
  3.54019E+02  8.75953E+01  8.20974E-02
  3.54419E+02  8.79954E+01  2.40903E-02
  3.54819E+02  8.83954E+01  3.55213E-02
  3.55219E+02  8.87955E+01  2.22754E-02
  3.55619E+02  8.91956E+01  5.57316E-02
  3.56019E+02  8.95956E+01  3.71997E-02
  3.56419E+02  8.99957E+01 -3.90313E-02
  3.56819E+02  9.03957E+01 -9.53449E-02
  3.57219E+02  9.07958E+01 -8.48351E-02
  3.57619E+02  9.11958E+01 -1.21498E-01
  3.58019E+02  9.15959E+01 -4.78259E-02
  3.58419E+02  9.19960E+01 -7.14999E-02
  3.58819E+02  9.23960E+01  8.27161E-03
  3.59219E+02  9.27961E+01 -2.59600E-02
  3.59619E+02  9.31961E+01 -2.35778E-02
  3.60019E+02  9.35962E+01 -7.04422E-02
  3.60420E+02  9.39962E+01 -7.46529E-02
  3.60820E+02  9.43963E+01 -2.13809E-02
  3.61220E+02  9.47964E+01 -1.03414E-01
  3.61620E+02  9.51964E+01 -7.48267E-02
  3.62020E+02  9.55965E+01 -1.20374E-01
  3.62420E+02  9.59965E+01 -7.89191E-02
  3.62820E+02  9.63966E+01 -9.17209E-02
  3.63220E+02  9.67966E+01 -4.27719E-02
  3.63620E+02  9.71967E+01 -4.11182E-02
  3.64020E+02  9.75968E+01 -4.90022E-02
  3.64420E+02  9.79968E+01 -3.52231E-02
  3.64820E+02  9.83969E+01 -5.94918E-02
  3.65220E+02  9.87969E+01 -5.74666E-02
  3.65620E+02  9.91970E+01  1.53656E-02
  3.66020E+02  9.95970E+01 -2.66387E-02
  3.66420E+02  9.99971E+01 -1.94830E-02
  3.66820E+02  1.00397E+02  3.31214E-02
  3.67220E+02  1.00797E+02  7.55373E-02
  3.67621E+02  1.01197E+02  8.59813E-03
  3.68021E+02  1.01597E+02  5.92514E-02
  3.68421E+02  1.01997E+02  1.80754E-02
  3.68821E+02  1.02397E+02  1.86655E-02
  3.69221E+02  1.02798E+02 -9.30253E-02
  3.69621E+02  1.03198E+02 -1.24503E-02
  3.70021E+02  1.03598E+02 -2.89501E-02
  3.70421E+02  1.03998E+02 -6.56470E-02
  3.70821E+02  1.04398E+02  3.51033E-02
  3.71221E+02  1.04798E+02 -1.25352E-02
  3.71621E+02  1.05198E+02  2.97461E-02
  3.72021E+02  1.05598E+02  1.50471E-02
  3.72421E+02  1.05998E+02 -1.08974E-02
  3.72821E+02  1.06398E+02 -8.08588E-02
  3.73221E+02  1.06798E+02  3.77554E-02
  3.73621E+02  1.07198E+02  9.17154E-03
  3.74021E+02  1.07598E+02  7.60414E-02
  3.74422E+02  1.07998E+02  6.39932E-02
  3.74822E+02  1.08398E+02  3.65112E-02
  3.75222E+02  1.08798E+02  5.68565E-02
  3.75622E+02  1.09198E+02  7.01850E-02
  3.76022E+02  1.09598E+02  1.09806E-01
  3.76422E+02  1.09999E+02  5.92913E-02
  3.76822E+02  1.10399E+02  8.53082E-02
  3.77222E+02  1.10799E+02  8.50638E-02
  3.77622E+02  1.11199E+02  8.01978E-02
  3.78022E+02  1.11599E+02  9.92453E-02
  3.78422E+02  1.11999E+02  1.14436E-01
  3.78822E+02  1.12399E+02  1.32150E-01
  3.79222E+02  1.12799E+02  1.48909E-01
  3.79622E+02  1.13199E+02  8.55527E-02
  3.80022E+02  1.13599E+02  3.60147E-02
  3.80422E+02  1.13999E+02  1.11843E-01
  3.80822E+02  1.14399E+02  9.23519E-02
  3.81222E+02  1.14799E+02  6.48124E-02
  3.81623E+02  1.15199E+02  5.83673E-02
  3.82023E+02  1.15599E+02  1.22229E-01
  3.82423E+02  1.15999E+02  1.86234E-02
  3.82823E+02  1.16399E+02  9.92907E-03
  3.83223E+02  1.16799E+02  4.56667E-02
  3.83623E+02  1.17200E+02  1.19131E-01
  3.84023E+02  1.17600E+02  4.86086E-02
  3.84423E+02  1.18000E+02 -1.09126E-02
  3.84823E+02  1.18400E+02  1.40985E-02
  3.85223E+02  1.18800E+02 -2.95959E-02
  3.85623E+02  1.19200E+02 -7.93401E-02
  3.86023E+02  1.19600E+02 -6.70280E-02
  3.86423E+02  1.20000E+02 -6.84549E-02
  3.86823E+02  1.20400E+02 -3.08417E-02
  3.87223E+02  1.20800E+02 -5.72902E-02
  3.87623E+02  1.21200E+02 -6.97483E-02
  3.88023E+02  1.21600E+02 -7.51536E-02
  3.88424E+02  1.22000E+02 -4.82772E-02
  3.88824E+02  1.22400E+02 -1.14245E-01
  3.89224E+02  1.22800E+02 -1.86822E-01
  3.89624E+02  1.23200E+02 -1.49843E-01
  3.90024E+02  1.23600E+02 -1.15238E-01
  3.90424E+02  1.24001E+02 -1.23680E-01
  3.90824E+02  1.24401E+02 -4.75417E-02
  3.91224E+02  1.24801E+02 -9.48668E-02
  3.91624E+02  1.25201E+02 -4.90379E-02
  3.92024E+02  1.25601E+02 -7.27654E-02
  3.92424E+02  1.26001E+02 -8.39594E-02
  3.92824E+02  1.26401E+02 -1.96665E-02
  3.93224E+02  1.26801E+02  5.73180E-03
  3.93624E+02  1.27201E+02 -4.96148E-02
  3.94024E+02  1.27601E+02 -8.90279E-02
  3.94424E+02  1.28001E+02 -4.34402E-02
  3.94824E+02  1.28401E+02 -2.49757E-02
  3.95224E+02  1.28801E+02 -9.89307E-02
  3.95625E+02  1.29201E+02 -7.91292E-02
  3.96025E+02  1.29601E+02 -9.10307E-02
  3.96425E+02  1.30001E+02 -3.12747E-02
  3.96825E+02  1.30401E+02 -8.97605E-02
  3.97225E+02  1.30801E+02 -1.79470E-02
  3.97625E+02  1.31202E+02 -3.76170E-03
  3.98025E+02  1.31602E+02 -3.64485E-02
  3.98425E+02  1.32002E+02 -1.54849E-02
  3.98825E+02  1.32402E+02 -3.61751E-03
  3.99225E+02  1.32802E+02  2.68262E-02
  3.99625E+02  1.33202E+02  3.79848E-02
  4.00025E+02  1.33602E+02  2.07990E-02
  4.00425E+02  1.34002E+02  1.91398E-02
  4.00825E+02  1.34402E+02  7.10334E-02
  4.01225E+02  1.34802E+02  1.64144E-02
  4.01625E+02  1.35202E+02  9.31789E-02
  4.02025E+02  1.35602E+02  6.32434E-02
  4.02426E+02  1.36002E+02 -1.18421E-03
  4.02826E+02  1.36402E+02  2.56596E-02
  4.03226E+02  1.36802E+02  5.70426E-04
  4.03626E+02  1.37202E+02  3.97834E-02
  4.04026E+02  1.37602E+02 -4.41824E-03
  4.04426E+02  1.38003E+02 -1.60672E-02
  4.04826E+02  1.38403E+02 -1.54328E-02
  4.05226E+02  1.38803E+02 -1.31652E-02
  4.05626E+02  1.39203E+02  3.03282E-03
  4.06026E+02  1.39603E+02  2.58114E-02
  4.06426E+02  1.40003E+02  6.97036E-03
  4.06826E+02  1.40403E+02  3.02104E-02
  4.07226E+02  1.40803E+02  1.82140E-02
  4.07626E+02  1.41203E+02  8.32322E-02
  4.08026E+02  1.41603E+02  3.21349E-02
  4.08426E+02  1.42003E+02  1.38710E-02
  4.08826E+02  1.42403E+02  2.58971E-02
  4.09226E+02  1.42803E+02 -1.80134E-02
  4.09627E+02  1.43203E+02  3.56718E-02
  4.10027E+02  1.43603E+02  4.48538E-02
  4.10427E+02  1.44003E+02  3.89494E-02
  4.10827E+02  1.44403E+02 -1.46296E-02
  4.11227E+02  1.44803E+02  8.00439E-03
  4.11627E+02  1.45204E+02  3.91615E-02
  4.12027E+02  1.45604E+02  3.48577E-02
  4.12427E+02  1.46004E+02 -2.30313E-03
  4.12827E+02  1.46404E+02  1.12705E-02
  4.13227E+02  1.46804E+02 -3.34592E-03
  4.13627E+02  1.47204E+02 -6.99844E-02
  4.14027E+02  1.47604E+02 -5.19226E-02
  4.14427E+02  1.48004E+02 -2.77585E-02
  4.14827E+02  1.48404E+02  2.01078E-02
  4.15227E+02  1.48804E+02 -1.08490E-01
  4.15627E+02  1.49204E+02 -5.57379E-02
  4.16027E+02  1.49604E+02 -1.79831E-02
  4.16428E+02  1.50004E+02 -6.66171E-02
  4.16828E+02  1.50404E+02 -1.41298E-02
  4.17228E+02  1.50804E+02  1.65452E-02
  4.17628E+02  1.51204E+02 -7.93492E-02
  4.18028E+02  1.51604E+02 -5.07973E-02
  4.18428E+02  1.52005E+02 -7.11011E-02
  4.18828E+02  1.52405E+02 -6.21696E-02
  4.19228E+02  1.52805E+02 -8.05555E-02
  4.19628E+02  1.53205E+02  3.35124E-02
  4.20028E+02  1.53605E+02 -4.21396E-02
  4.20428E+02  1.54005E+02 -4.05314E-02
  4.20828E+02  1.54405E+02  7.21183E-03
  4.21228E+02  1.54805E+02  9.14626E-03
  4.21628E+02  1.55205E+02 -3.61496E-02
  4.22028E+02  1.55605E+02 -3.28949E-02
  4.22428E+02  1.56005E+02 -1.12072E-02
  4.22828E+02  1.56405E+02 -1.39570E-03
  4.23229E+02  1.56805E+02 -3.88199E-02
  4.23629E+02  1.57205E+02 -6.71092E-02
  4.24029E+02  1.57605E+02  3.02006E-02
  4.24429E+02  1.58005E+02  2.17803E-02
  4.24829E+02  1.58405E+02 -5.78753E-02
  4.25229E+02  1.58805E+02  2.19026E-02
  4.25629E+02  1.59206E+02  4.75924E-02
  4.26029E+02  1.59606E+02  4.92923E-02
  4.26429E+02  1.60006E+02  1.32868E-02
  4.26829E+02  1.60406E+02  2.27662E-03
  4.27229E+02  1.60806E+02  7.37898E-02
  4.27629E+02  1.61206E+02  7.37310E-02
  4.28029E+02  1.61606E+02  3.41324E-02
  4.28429E+02  1.62006E+02  3.93425E-02
  4.28829E+02  1.62406E+02  4.04303E-02
  4.29229E+02  1.62806E+02  5.80685E-02
  4.29629E+02  1.63206E+02  5.18757E-02
  4.30029E+02  1.63606E+02  4.90350E-02
  4.30430E+02  1.64006E+02  2.60376E-02
  4.30830E+02  1.64406E+02  3.49995E-02
  4.31230E+02  1.64806E+02  1.46329E-02
  4.31630E+02  1.65206E+02  4.11622E-02
  4.32030E+02  1.65606E+02  3.94444E-02
  4.32430E+02  1.66007E+02  4.91809E-02
  4.32830E+02  1.66407E+02  7.90007E-02
  4.33230E+02  1.66807E+02  7.26867E-02
  4.33630E+02  1.67207E+02  1.23429E-01
  4.34030E+02  1.67607E+02  1.15193E-01
  4.34430E+02  1.68007E+02  9.48177E-02
  4.34830E+02  1.68407E+02  4.57123E-02
  4.35230E+02  1.68807E+02  5.18717E-02
  4.35630E+02  1.69207E+02  3.32532E-02
  4.36030E+02  1.69607E+02  1.63978E-03
  4.36430E+02  1.70007E+02  1.08483E-01
  4.36830E+02  1.70407E+02  6.77726E-02
  4.37230E+02  1.70807E+02  6.01746E-02
  4.37631E+02  1.71207E+02 -1.16669E-02
  4.38031E+02  1.71607E+02 -3.05281E-04
  4.38431E+02  1.72007E+02  6.15863E-03
  4.38831E+02  1.72407E+02 -3.15173E-02
  4.39231E+02  1.72807E+02 -1.12515E-02
  4.39631E+02  1.73208E+02 -1.94416E-02
  4.40031E+02  1.73608E+02 -3.17155E-02
  4.40431E+02  1.74008E+02 -1.26130E-02
  4.40831E+02  1.74408E+02  1.36438E-02
  4.41231E+02  1.74808E+02 -3.68197E-02
  4.41631E+02  1.75208E+02 -1.27412E-02
  4.42031E+02  1.75608E+02 -2.33220E-03
  4.42431E+02  1.76008E+02 -1.06910E-01
  4.42831E+02  1.76408E+02 -6.69164E-02
  4.43231E+02  1.76808E+02 -4.57578E-02
  4.43631E+02  1.77208E+02 -2.15183E-02
  4.44031E+02  1.77608E+02 -1.09756E-01
  4.44432E+02  1.78008E+02 -1.70490E-02
  4.44832E+02  1.78408E+02 -9.19919E-02
  4.45232E+02  1.78808E+02 -7.04530E-02
  4.45632E+02  1.79208E+02 -1.25133E-01
  4.46032E+02  1.79608E+02 -6.51631E-02
  4.46432E+02  1.80009E+02 -9.51927E-02
  4.46832E+02  1.80409E+02 -6.10540E-02
  4.47232E+02  1.80809E+02 -9.24519E-02
  4.47632E+02  1.81209E+02 -4.54889E-02
  4.48032E+02  1.81609E+02 -9.37919E-02
  4.48432E+02  1.82009E+02 -8.83908E-02
  4.48832E+02  1.82409E+02 -1.40285E-01
  4.49232E+02  1.82809E+02 -1.15898E-01
  4.49632E+02  1.83209E+02 -4.18014E-02
  4.50032E+02  1.83609E+02 -2.79139E-03
  4.50432E+02  1.84009E+02 -8.58592E-02
  4.50832E+02  1.84409E+02 -1.45381E-01
  4.51232E+02  1.84809E+02 -7.57761E-02
  4.51633E+02  1.85209E+02 -9.40607E-02
  4.52033E+02  1.85609E+02 -4.66820E-02
  4.52433E+02  1.86009E+02 -1.14141E-02
  4.52833E+02  1.86409E+02 -4.57908E-02
  4.53233E+02  1.86809E+02  5.33215E-02
  4.53633E+02  1.87210E+02  1.78828E-02
  4.54033E+02  1.87610E+02  4.87129E-02
  4.54433E+02  1.88010E+02  1.61612E-02
  4.54833E+02  1.88410E+02 -1.85651E-02
  4.55233E+02  1.88810E+02 -2.62987E-02
  4.55633E+02  1.89210E+02  8.43199E-03
  4.56033E+02  1.89610E+02  2.88521E-02
  4.56433E+02  1.90010E+02 -3.02543E-03
  4.56833E+02  1.90410E+02  2.87838E-02
  4.57233E+02  1.90810E+02  7.62498E-02
  4.57633E+02  1.91210E+02  7.73680E-02
  4.58033E+02  1.91610E+02  4.37776E-02
  4.58434E+02  1.92010E+02  1.13613E-01
  4.58834E+02  1.92410E+02  9.12232E-02
  4.59234E+02  1.92810E+02  8.39483E-02
  4.59634E+02  1.93210E+02  7.33464E-02
  4.60034E+02  1.93610E+02  9.70009E-02
  4.60434E+02  1.94011E+02  8.52141E-02
  4.60834E+02  1.94411E+02  6.79940E-02
  4.61234E+02  1.94811E+02  1.02281E-01
  4.61634E+02  1.95211E+02  7.60472E-02
  4.62034E+02  1.95611E+02  1.06515E-01
  4.62434E+02  1.96011E+02  1.39768E-01
  4.62834E+02  1.96411E+02  9.70389E-02
  4.63234E+02  1.96811E+02  6.99519E-02
  4.63634E+02  1.97211E+02  1.34869E-01
  4.64034E+02  1.97611E+02  1.05549E-01
  4.64434E+02  1.98011E+02  9.93638E-02
  4.64834E+02  1.98411E+02  5.94865E-02
  4.65234E+02  1.98811E+02  6.55349E-02
